1 AISEREY 47.1728785893 5.16876522456
2 AISYSOUSTHIL 47.3934525171 4.27887372398
3 ARNAYSOUSVITTEAUX 47.4372947607 4.49901520895
4 ASNIERESLESDIJON 47.3872203652 5.04520527186
5 AUBIGNYLARONCE 46.9880450918 4.59634588492
6 AUXANT 47.1298867764 4.61921408774
7 AUXEYDURESSES 46.985207614 4.7314121472
8 AUXONNE 47.1886126051 5.41450389351
9 BARDLESEPOISSES 47.5282299954 4.22511845186
10 BEIRELEFORT 47.2376253044 5.26097283802
11 BENOISEY 47.5769533201 4.39518979239
12 BIERRELESSEMUR 47.4224799453 4.29555641395
13 BLAISYBAS 47.3693914963 4.73506402999
14 BLANOT 47.1787083917 4.23562665908
15 SOURCE-SEINE 47.4889159636 4.6965588014
16 BONNENCONTRE 47.0865135284 5.14243397683
17 BRAIN 47.4630889217 4.50508352891
18 BREMURETVAUROIS 47.7295472183 4.60931120174
19 BRETENIERE 47.2358783125 5.10342361177
20 BRIONSUROURCEBELAN 47.9060657741 4.66987212053
21 BROCHON 47.2386657395 4.95610732845
22 BUSSEROTTEETMONTENAILLE 47.6625787147 4.98033576461
23 CERILLY 47.8557543819 4.48870489274
24 CHAIGNAY 47.4767317204 5.06048874496
25 CHAMBOEUF 47.227568941 4.90257555999
26 CHAMPAGNESURVINGEANNE 47.4405994754 5.40662688051
27 CHAMPAGNY 47.4615477148 4.76760990741
28 CHAMPEAUENMORVAN 47.2729958688 4.15587880467
29 CHANCEAUX 47.5252827866 4.7394570164
30 CHARENCEY 47.4202471522 4.67046145441
31 CHASSAGNEMONTRACHET 46.9323632752 4.72732420216
32 CHAUDENAYLECHATEAU 47.1794258557 4.64303707891
33 CHAZEUIL 47.5584131204 5.28562266214
34 CHENOVE 47.2926136721 5.00488353457
35 CIREYLESPONTAILLER 47.3029215077 5.30975861654
36 CIVRYENMONTAGNE 47.289478828 4.60603583394
37 CLEMENCEY 47.2553233042 4.88465417983
38 CLOMOT 47.1923530419 4.48684407065
39 COLLONGESLESBEVY 47.1715437386 4.83755928779
40 COLOMBIER 47.168419932 4.67469855204
41 CORCELLESLESARTS 46.9450397158 4.79678522994
42 CORGOLOIN 47.0819087095 4.93531164133
43 CORMOTLEGRAND 46.9758355763 4.64101278682
44 CORPOYERLACHAPELLE 47.549075893 4.60962809642
45 COURBAN 47.9155781312 4.73943669739
46 COURLON 47.64572911 5.00801867422
47 COUTERNON 47.3303548853 5.15014868393
48 CREANCEY 47.2528641586 4.59321134854
49 CURLEY 47.2040051178 4.91078289972
50 DAMPIERREETFLEE 47.4802529906 5.35222754258
51 DETAINETBRUANT 47.1748111785 4.78802289796
52 DREE 47.343829262 4.69577530485
53 EPERNAYSOUSGEVREY 47.1745053731 5.03736521835
54 EPOISSES 47.5033289277 4.17120505436
55 FAINLESMOUTIERS 47.5841078834 4.21121321982
56 FENAY 47.2451587687 5.0541254561
57 FLACEY 47.4343838109 5.13481855634
58 FLEE 47.4407816289 4.33705444779
59 FONCEGRIVE 47.6173922862 5.14245423253
60 FONTAINESENDUESMOIS 47.6493383803 4.53511047065
61 GEMEAUX 47.4772510476 5.14006797437
62 GENAY 47.5245250886 4.28444386819
63 GENLIS 47.2407395134 5.2209768706
64 GILLYLESCITEAUX 47.1779786537 4.99751060917
65 GISSEYSUROUCHE 47.2606866553 4.78299335665
66 GLANON 47.0397116967 5.10712051482
67 LESGOULLES 47.8780247601 4.90572088017
68 HEUILLEYSURSAONE 47.3358079869 5.46489125739
69 JALLANGES 46.9844079109 5.17269015437
70 LABRUYERE 47.0383104584 5.14163984518
71 LANTENAY 47.3437761758 4.86573170898
72 LECHATELET 47.0530922759 5.14157005423
73 LONGCHAMP 47.2617509825 5.295682026
74 LONGECOURTENPLAINE 47.1979962119 5.14631523953
75 LONGECOURTLESCULETRE 47.1604658111 4.55141809098
76 MAISEYLEDUC 47.8448667792 4.67600444524
77 MALAIN 47.3212468007 4.79374280109
78 MARCHESEUIL 47.1449732022 4.37213113513
79 MARCILLYETDRACY 47.4053843394 4.49597262896
80 MARTROIS 47.3068577261 4.54607714165
81 MASSINGYLESVITTEAUX 47.395705764 4.59045021974
82 MEILLYSURROUVRES 47.2060045019 4.55254034085
83 MONTAGNYLESBEAUNE 46.9849200277 4.8539733561
84 MONTBARD 47.6576730148 4.35039569753
85 MONTHELIE 46.999641101 4.76134767684
86 MOSSON 47.9206276016 4.62892350243
87 LAMOTTETERNANT 47.3168367609 4.32727965395
88 NANTOUX 47.0346400359 4.75951042223
89 NEUILLYLESDIJON 47.2764524522 5.10401476317
90 NICEY 47.8654500555 4.29442620527
91 NODSURSEINE 47.7726814986 4.5989721378
92 OBTREE 47.9312137105 4.56510115112
93 OIGNY 47.5832673026 4.72467354211
94 ORIGNY 47.712880266 4.63220686716
95 ORRET 47.6088070958 4.7017226745
96 PAGNYLECHATEAU 47.0499538846 5.21153347867
97 PELLEREY 47.511765818 4.78886869504
98 POISEULLAGRANGE 47.5770887187 4.79359106349
99 POISEULETLAPERRIERE 47.5699836945 4.66438928448
100 POISEULLESSAULX 47.5785116858 4.98176331953
101 PONT 47.1789967649 5.32490570486
102 POUILLYENAUXOIS 47.2627722067 4.55560519834
103 PRALON 47.3104934057 4.77503055215
104 QUEMIGNYPOISOT 47.236074247 4.84869116559
105 RECEYSUROURCE 47.7803300768 4.86261547003
106 RUFFEYLESBEAUNE 47.0225171386 4.92262846681
107 STAPOLLINAIRE 47.336030345 5.09322584658
108 STEUPHRONE 47.4668464015 4.39181152483
109 STJEANDEBOEUF 47.2113480166 4.76378552245
110 STJEANDELOSNE 47.1017053631 5.26653480307
111 STMARTINDELAMER 47.2373074547 4.22929777568
112 STMARTINDUMONT 47.4148513561 4.81194710404
113 STPHILIBERT 47.2033144278 5.01321708085
114 STSAUVEUR 47.3580525419 5.40644354145
115 STVICTORSUROUCHE 47.2323029806 4.74865693638
116 SAULONLARUE 47.2262535872 5.05001697299
117 SAVOUGES 47.1806736269 5.05798309916
118 SENNECEYLESDIJON 47.2920875173 5.10418551217
119 SINCEYLESROUVRAY 47.4334510862 4.13103171651
120 SOUSSEYSURBRIONNE 47.3267546782 4.53446696852
121 SPOY 47.4458196658 5.18698392171
122 TAILLY 46.9655888224 4.81679158031
123 TARTLEHAUT 47.1958586219 5.20512336576
124 THENISSEY 47.4964918792 4.61948858454
125 THOIRES 47.9407836384 4.6819546564
126 THOISYLABERCHERE 47.2605521734 4.33200696212
127 THOISYLEDESERT 47.2496181728 4.5209241508
128 TORCYETPOULIGNY 47.4974003502 4.23612600971
129 TURCEY 47.4086361991 4.71869514548
130 VAROISETCHAIGNOT 47.3554476666 5.1255645784
131 VERDONNET 47.742034197 4.33534875629
132 VICDECHASSENAY 47.4708474849 4.26265511038
133 VIELVERGE 47.2683512325 5.45243261786
134 VIEVY 47.0576684335 4.45616718775
135 VILLEBICHOT 47.1401359622 5.04221971149
136 VILLIERSENMORVAN 47.1432363648 4.25988582154
137 VILLIERSLEDUC 47.792546579 4.70386832988
138 VILLOTTESTSEINE 47.4297198383 4.71318867842
139 VITTEAUX 47.3974282764 4.54312292794
140 VONGES 47.2896205229 5.39637772205
141 VOUGEOT 47.174271631 4.95989664941
142 AGENCOURT 47.1250474303 4.98564114053
143 AHUY 47.3713563421 5.02129727446
144 ALLEREY 47.1905039427 4.42062511101
145 ALOXECORTON 47.0682393129 4.86123205088
146 ANTHEUIL 47.1764418313 4.74942827901
147 ARCEAU 47.3759150158 5.19629196424
148 ARNAYLEDUC 47.1275592202 4.47951494721
149 BARJON 47.6163680497 4.9625109297
150 BEAUNE 47.0255189366 4.83767985985
151 BEAUNOTTE 47.6813180742 4.7162410659
152 BELLEFOND 47.3801760764 5.06389579154
153 BELLENEUVE 47.3575073832 5.27408508272
154 BELLENOTSOUSPOUILLY 47.2869221987 4.54627615974
155 BENEUVRE 47.6934400919 4.93578663109
156 BEZE 47.4660482708 5.27867233051
157 BISSEYLAPIERRE 47.8431150468 4.42590743381
158 BOUILLAND 47.1352672328 4.77123835553
159 BOURBERAIN 47.5090799793 5.29223191696
160 BOUSSELANGE 46.9939920712 5.25309460316
161 BOUXSOUSSALMAISE 47.4731727042 4.64424292231
162 BROGNON 47.4109519413 5.16845513342
163 BUFFON 47.6568975951 4.27470162202
164 BUNCEY 47.8168675282 4.57713874625
165 CHAMPDOTRE 47.1825397994 5.30038457052
166 CHANNAY 47.8910741862 4.31948318267
167 CHARMES 47.3723080464 5.35030839785
168 CHARREYSURSAONE 47.0987888037 5.15412539566
169 CHATELLENOT 47.237576799 4.48751343081
170 LACHAUME 47.8814002109 4.8228651027
171 CHEMINDAISEY 47.7323713365 4.55214602407
172 CHEVIGNYENVALIERE 46.9686024857 4.98151445256
173 CHEVIGNYSTSAUVEUR 47.2999007268 5.13656967893
174 CHOREYLESBEAUNE 47.0494684617 4.86962267371
175 CLERY 47.2954771926 5.50214108598
176 COLLONGESLESPREMIERES 47.2250095232 5.29242565659
177 CORGENGOUX 46.9883081581 5.01123700929
178 CORROMBLES 47.5184691895 4.20257094353
179 COURCELLESLESSEMUR 47.4487720046 4.29278256716
180 COURTIVRON 47.5345406355 4.95268156841
181 CUSSYLECHATEL 47.1643515054 4.58476170388
182 DAROIS 47.3938381056 4.9323709651
183 DIANCEY 47.1747778525 4.36718162662
184 DIJON 47.3229437965 5.03788805877
185 DOMPIERREENMORVAN 47.4004660876 4.23216160368
186 DUESME 47.6369569478 4.69319876077
187 ECHANNAY 47.2810233886 4.68018125598
188 ECHEVRONNE 47.1076811377 4.83499706184
189 EGUILLY 47.3010847339 4.49992675685
190 ETAULES 47.4105824508 4.95035757108
191 ETROCHEY 47.8893912326 4.51963624928
192 FAINLESMONTBARD 47.6174941653 4.40346528629
193 FAVEROLLESLESLUCEY 47.8271140625 4.86669283243
194 FLAVIGNEROT 47.2778682909 4.91791708848
195 FLAVIGNYSUROZERAIN 47.5087961778 4.51921128225
196 GERLAND 47.1023774932 5.02325039471
197 GISSEYLEVIEIL 47.3221932401 4.4861696452
198 GRIGNON 47.5585918408 4.40554023735
199 GURGYLAVILLE 47.8522196324 4.93836423447
200 IZEURE 47.1662982943 5.12029891779
201 JAILLYLESMOULINS 47.4626863743 4.59400738183
202 JANCIGNY 47.3834784994 5.42112913608
203 JUILLY 47.4902826787 4.40108414456
204 LAPERRIERESURSAONE 47.1063954039 5.34614793707
205 LEVERNOIS 46.9937203239 4.87163680948
206 LIERNAIS 47.2198460424 4.28865681404
207 LOUESME 47.8893078984 4.76394651159
208 LUCENAYLEDUC 47.6225345197 4.49972011434
209 LUX 47.4883380646 5.21763359421
210 MARANDEUIL 47.3453618819 5.34081776332
211 MARCELLOIS 47.3488163449 4.61557807923
212 MARCIGNYSOUSTHIL 47.3913107616 4.38452242711
213 MARMAGNE 47.6397063583 4.38235676513
214 MENETREUXLEPITOIS 47.559690561 4.45956971302
215 MEULSON 47.6921345522 4.70218066483
216 MINOT 47.6626858601 4.87161006058
217 MIREBEAUSURBEZE 47.4024616873 5.32235906024
218 MOLESME 47.94702901 4.38133026701
219 MONTAGNYLESSEURRE 47.0221158476 5.25126130211
220 MONTBERTHAULT 47.4611172528 4.15752601087
221 MONTIGNYMONTFORT 47.5835649426 4.33909618195
222 MONTIGNYSURAUBE 47.9541936296 4.75595683457
223 MONTIGNYMORNAYVILLENEUVE 47.5685941578 5.45036193766
224 MONTLAYENAUXOIS 47.3313381255 4.26775681243
225 MONTMAIN 47.0277836478 5.05930420641
226 MONTMANCON 47.355013072 5.37495539638
227 MONTMOYEN 47.7302494396 4.79445159568
228 MONTOILLOT 47.2727014053 4.65838043081
229 NOIRONSOUSGEVREY 47.1883989512 5.08502769038
230 OISILLY 47.416992177 5.36192344642
231 ORVILLE 47.5606296412 5.21672083508
232 OUGES 47.2613998117 5.0782109526
233 PANGES 47.3739134919 4.80267156096
234 PERNANDVERGELESSES 47.0804785498 4.8493094586
235 PERRIGNYLESDIJON 47.25760727 5.02045780663
236 PLANAY 47.7372836307 4.37480750049
237 POINCONLESLARREY 47.8689387712 4.45628317014
238 POMMARD 47.0136884402 4.79517699243
239 POTHIERES 47.917342261 4.49676949979
240 PRENOIS 47.3750238747 4.90589671665
241 PRUSLYSUROURCE 47.8802357803 4.64331266439
242 QUINCEROT 47.6174314295 4.27133698568
243 QUINCYLEVICOMTE 47.6174690195 4.23973284667
244 REMILLYENMONTAGNE 47.29010269 4.72932529701
245 REMILLYSURTILLE 47.3073839906 5.23140523397
246 LAROCHEPOT 46.9575762678 4.67620707547
247 ROUVRESENPLAINE 47.2386287717 5.13846471292
248 SAFFRES 47.3662639449 4.58064061534
249 STJULIEN 47.396053652 5.14161061569
250 STMARCSURSEINE 47.7000984346 4.59972785822
251 STEMARIESUROUCHE 47.2887325943 4.80366866589
252 STMESMIN 47.3458158582 4.65536994421
253 STPRIXLESARNAY 47.1127122088 4.50442046153
254 STSEINELABBAYE 47.4414380051 4.7823076914
255 STSEINESURVINGEANNE 47.5168029251 5.43323666573
256 STUSAGE 47.1093598345 5.25017482483
257 SANTENAY 46.9174107559 4.6933727007
258 SAVOISY 47.7365116714 4.39978655066
259 SAVOLLES 47.3778180325 5.27546231852
260 SEMEZANGES 47.2155736002 4.85104991117
261 SEMURENAUXOIS 47.4909559267 4.34106366761
262 SEURRE 47.0074486166 5.15220213947
263 TARTLEBAS 47.206605373 5.22359243318
264 TELLECEY 47.2904695595 5.29922695853
265 TERREFONDREE 47.7278892776 4.84233839612
266 THOREYSOUSCHARNY 47.3298168474 4.44950750431
267 THOREYSUROUCHE 47.1486545288 4.693092626
268 TICHEY 47.0128057736 5.28875732536
269 TILCHATEL 47.5191360715 5.17912297276
270 TOUTRY 47.5014647498 4.12836956975
271 TROCHERES 47.3481781981 5.31468752935
272 URCY 47.2641409242 4.84612094396
273 VALSUZON 47.4271421558 4.90886346086
274 VERREYSOUSDREE 47.368425324 4.68776283971
275 VESVRES 47.3763024557 4.52885694721
276 VEUXHAULLESSURAUBE 47.9393395308 4.81167181822
277 VIGNOLES 47.025772583 4.88700502505
278 VILLAINESLESPREVOTES 47.5537362446 4.30749786549
279 VILLARSETVILLENOTTE 47.5089545362 4.37864819259
280 VILLEFERRY 47.4498866756 4.52944557667
281 LAVILLENEUVELESCONVERS 47.5761672449 4.59152552704
282 VILLERSPATRAS 47.9345473428 4.5466694292
283 VILLYLEMOUTIER 47.0390086783 4.98680226747
284 VISERNY 47.5627164354 4.28367240429
285 AIGNAYLEDUC 47.6717538581 4.7507180753
286 AISEYSURSEINE 47.7479865538 4.57814842131
287 AMPILLYLESEC 47.8100690603 4.50329961504
288 ARCENANT 47.1403914793 4.83749940217
289 ARGILLY 47.0685552309 5.02486486976
290 ARRANS 47.6899641108 4.3280716946
291 ATHEE 47.2251419104 5.3617920944
292 AUTRICOURT 47.9932834773 4.62176742822
293 AVELANGES 47.5873364734 5.03060719887
294 BAIGNEUXLESJUIFS 47.6010296046 4.6514540386
295 BAUBIGNY 46.9901330844 4.68217029734
296 BAULMELAROCHE 47.3480241996 4.79422345686
297 BEAUMONTSURVINGEANNE 47.4625396249 5.34749332128
298 BELANSUROURCE 47.9515958894 4.63862833374
299 BESSEYENCHAUME 47.0874165911 4.74194703702
300 BESSEYLACOUR 47.1033767349 4.60499470224
301 BESSEYLESCITEAUX 47.1451368647 5.14759031997
302 BEUREYBAUGUAY 47.2316421588 4.43039067853
303 BINGES 47.3252506577 5.2690666865
304 BLAGNYSURVINGEANNE 47.4395134717 5.3551085135
305 BLANCEY 47.3027962841 4.46007256895
306 BLIGNYLESBEAUNE 46.9826471816 4.82973563081
307 BONCOURTLEBOIS 47.1377542581 4.99799682538
308 BRESSEYSURTILLE 47.3084523992 5.18436143116
309 BRIANNY 47.4121182222 4.37434558764
310 BUSSIERES 47.6606253629 4.9610123004
311 CHAMBLANC 47.0222258183 5.16878563446
312 CHARIGNY 47.4334660182 4.42062588907
313 CHARREYSURSEINE 47.9524790973 4.54026647468
314 CHASSEY 47.4742431505 4.44465203399
315 CHAUMONTLEBOIS 47.9345088372 4.59278668831
316 CHAUX 47.1272831301 4.90718762417
317 CORCELLESLESCITEAUX 47.1692110216 5.08258953072
318 CORPEAU 46.9274010331 4.75964773647
319 CORSAINT 47.5470766157 4.20200544222
320 COUCHEY 47.2620834886 4.96092501578
321 COULMIERLESEC 47.7550385883 4.49604694384
322 COURCELLESFREMOY 47.4471425118 4.18664982284
323 CRUGEY 47.1815437899 4.68076674992
324 CUISEREY 47.370648619 5.31774907926
325 DAMPIERREENMONTAGNE 47.438807648 4.55900692915
326 DARCEY 47.5468714078 4.56688774894
327 DIENAY 47.5223127059 5.05949122065
328 DRAMBON 47.3340095649 5.37849298375
329 EBATY 46.9293787687 4.78013604846
330 ECHALOT 47.6074344727 4.83509767429
331 ECHEVANNES 47.5470867695 5.1597666211
332 ECUTIGNY 47.0841130528 4.6234249566
333 ERINGES 47.5887565678 4.46703598761
334 ESSEY 47.2063506091 4.52226390582
335 FAUVERNEY 47.2625030215 5.15013738098
336 FLAGEYLESAUXONNE 47.1312658767 5.3944404843
337 FLAMMERANS 47.230058163 5.44115548466
338 FONTAINEFRANCAISE 47.5330200113 5.36407135172
339 FONTENELLE 47.502916038 5.36176306939
340 FORLEANS 47.4712138957 4.20681713671
341 FRESNES 47.6097085896 4.43871548951
342 GERGUEIL 47.2376944982 4.81254550284
343 GRANCEYLECHATEAU 47.6736710294 5.02411190173
344 GRANCEYSUROURCE 47.9996727259 4.57740862706
345 GRESIGNYSTEREINE 47.5517042908 4.49530823362
346 GROSBOISENMONTAGNE 47.3192163677 4.59964141298
347 GROSBOISLESTICHEY 47.0090636768 5.2366823459
348 IVRYENMONTAGNE 47.0269156791 4.63558801315
349 LABERGEMENTLESAUXONNE 47.1593953022 5.37863306845
350 LABERGEMENTLESSEURRE 46.9957329015 5.08792946182
351 LAIGNES 47.8261016815 4.36829803111
352 LIGNEROLLES 47.9017137167 4.88758854906
353 LOSNE 47.0776286494 5.2762318698
354 LUCEY 47.8522055495 4.8627475209
355 MANLAY 47.1203533728 4.33317142966
356 MAREYLESFUSSEY 47.1216169151 4.86215236749
357 MARIGNYLECAHOUET 47.4553560135 4.45343866835
358 MASSINGY 47.9022741112 4.59925018266
359 MASSINGYLESSEMUR 47.5164585084 4.40567595298
360 MAUVILLY 47.7096666465 4.70428549427
361 MAVILLYMANDELOT 47.0605876593 4.73091558724
362 MAXILLYSURSAONE 47.3312115435 5.41954426061
363 MELOISEY 47.034440345 4.72026948117
364 MENESSAIRE 47.1335338458 4.15144155728
365 MERCEUIL 46.9538298366 4.84790991199
366 MEUILLEY 47.1410996463 4.87828584204
367 MEURSAULT 46.9702784903 4.77216959331
368 MIMEURE 47.1523999496 4.49524544815
369 MISSERY 47.3113991733 4.3748363235
370 MOITRON 47.681789677 4.80835298822
371 MONTIGNYSTBARTHELEMY 47.4200644388 4.26152648889
372 MUSIGNY 47.1649661089 4.5232598082
373 NOIDAN 47.3467171158 4.40982170354
374 NOIRONSURBEZE 47.4394112405 5.29872318112
375 NOIRONSURSEINE 47.9386038243 4.46986601367
376 NORGESLAVILLE 47.4070463216 5.06948581601
377 NORMIER 47.3633828394 4.43446785437
378 ORGEUX 47.3642286227 5.15182250045
379 PAINBLANC 47.1486717783 4.62462875846
380 PONCEYSURLIGNON 47.4903530445 4.75222297541
381 PONTETMASSENE 47.4690088064 4.35812492053
382 POSANGES 47.4218431099 4.52541298855
383 PREMIERES 47.2386347373 5.2928819796
384 PULIGNYMONTRACHET 46.9467556144 4.75926217237
385 QUINCEY 47.1072396532 4.9719971557
386 REULLEVERGY 47.1883731781 4.89680427712
387 LAROCHEENBRENIL 47.3820372605 4.17164198526
388 ROILLY 47.4171745779 4.34078793389
389 ROUVRESSOUSMEILLY 47.2062707536 4.5897431954
390 STECOLOMBE 47.4272975926 4.46203899793
391 STLEGERTRIEY 47.3166201603 5.35525672839
392 SALIVES 47.6048838106 4.9005997334
393 SALMAISE 47.4550732587 4.67554399967
394 SAULXLEDUC 47.5504780732 5.02209606556
395 SAVIGNYSOUSMALAIN 47.3316328215 4.75386301231
396 SEGROIS 47.1609641771 4.89333944973
397 SEIGNY 47.5771836934 4.43932756147
398 SEMOND 47.7126613354 4.57244998829
399 SOMBERNON 47.3105432951 4.70317881741
400 TALANT 47.3388300285 4.99779516001
401 TALMAY 47.3663925379 5.46063337832
402 TANAY 47.413987007 5.27742154521
403 TARSUL 47.5185851932 4.9796405504
404 TARTLABBAYE 47.183548045 5.24201161674
405 THOMIREY 47.0875870318 4.58687586309
406 THURY 47.0285432675 4.52701419303
407 TRUGNY 46.9718830068 5.14601366703
408 VANNAIRE 47.9154562474 4.57079661731
409 VELOGNY 47.4020910842 4.46540583752
410 VERTAULT 47.9246819197 4.32699218845
411 VICSOUSTHIL 47.3670141656 4.31767568757
412 VILLECOMTE 47.4993295209 5.01912639867
413 VILLENEUVESOUSCHARIGNY 47.4364542441 4.39988256271
414 VILLERSLESPOTS 47.2102286765 5.34734391445
415 VILLERSROTIN 47.156020714 5.40682525494
416 VIX 47.9073526426 4.53670759724
417 VOULAINESLESTEMPLIERS 47.8306417712 4.77656655885
418 AMPILLYLESBORDES 47.6389194024 4.62698815562
419 ANCEY 47.3337177684 4.82268168932
420 ARCEY 47.2746433472 4.82435366127
421 ARCONCEY 47.2158291471 4.46108652997
422 ARCSURTILLE 47.3382300377 5.20032142407
423 ASNIERESENMONTAGNE 47.7130312269 4.29307220961
424 AUVILLARSSURSAONE 47.0592766074 5.10776303879
425 AVOSNES 47.3684679996 4.63263397614
426 AVOT 47.6170677584 5.00757406973
427 BALOT 47.8198079163 4.44334432169
428 BARGES 47.2092455725 5.05951734595
429 BEURIZOT 47.3555109503 4.49612543597
430 BEVY 47.1820024357 4.83965418214
431 BEZOUOTTE 47.3838896873 5.3354189969
432 BISSEYLACOTE 47.9115041699 4.70686086144
433 BLIGNYSUROUCHE 47.1150954708 4.68344440559
434 BOUDREVILLE 47.9294547335 4.8328363763
435 BOUHEY 47.2011527973 4.6776500221
436 BRAZEYENMORVAN 47.1724443227 4.27604243318
437 BRAZEYENPLAINE 47.1384086462 5.21195206146
438 BRETIGNY 47.3935524929 5.09969847149
439 BROINDON 47.1957469906 5.03994792471
440 BUSSEAUT 47.7386819112 4.65218348231
441 LABUSSIERESUROUCHE 47.2265782926 4.69946543531
442 BUSSYLAPESLE 47.3566273735 4.71361342126
443 BUSSYLEGRAND 47.5762719733 4.52287854456
444 BUXEROLLES 47.8077545652 4.95548684515
445 CESSEYSURTILLE 47.2826894363 5.22925864232
446 CHAILLYSURARMANCON 47.2731849062 4.47732423155
447 CHAMBEIRE 47.2827087412 5.27183255465
448 CHAMBOLLEMUSIGNY 47.1867543205 4.94446710185
449 CHARNY 47.331944975 4.42573713876
450 CHAUDENAYLAVILLE 47.1621875521 4.64388033261
451 CHAUGEY 47.7462238697 4.95019253448
452 CHAUMEETCOURCHAMP 47.5806895666 5.36162357765
453 CHAUMELESBAIGNEUX 47.6324839446 4.57347915813
454 CHAZILLY 47.183253219 4.58248518042
455 CHEVANNAY 47.3905655203 4.65394687054
456 CHIVRES 46.9678867333 5.09111140101
457 CLAMEREY 47.3870569397 4.42237212486
458 CLENAY 47.4135413138 5.11448988395
459 COMBERTAULT 46.9921948598 4.90342366807
460 COMBLANCHIEN 47.1030661161 4.91805213591
461 CORBERON 47.0107613074 5.00919232333
462 COURCELLESLESMONTBARD 47.5920415206 4.39246271634
463 CRECEYSURTILLE 47.5701202623 5.14132427261
464 CREPAND 47.6070603908 4.31019985069
465 CULETRE 47.1468951211 4.56864595469
466 CURTILSTSEINE 47.4607387752 4.92920241031
467 CUSSEYLESFORGES 47.6376201743 5.0838274211
468 ECHENON 47.1196116033 5.286880332
469 ECHIGEY 47.1778490493 5.19986871339
470 EPAGNY 47.4523461757 5.04973678654
471 ESSAROIS 47.7575910417 4.7939937712
472 LETANGVERGY 47.1826265714 4.87602500249
473 ETORMAY 47.5978554183 4.58158673769
474 LEFETE 47.1799351721 4.50838011186
475 FLEUREYSUROUCHE 47.3003433625 4.86448475268
476 FONTAINELESDIJON 47.347590176 5.0247087947
477 FONTAINESLESSECHES 47.7844430098 4.35896530181
478 FONTANGY 47.3457961806 4.3719767381
479 FRANCHEVILLE 47.4593035477 4.87971245404
480 FRANXAULT 47.0475621038 5.26433353481
481 FUSSEY 47.1289690421 4.81617367712
482 GRENANTLESSOMBERNON 47.2689950151 4.71215611881
483 GRISELLES 47.8761341376 4.36546770066
484 HAUTEROCHE 47.4884901774 4.57055360819
485 ISSURTILLE 47.5263318229 5.10204412547
486 JOURSLESBAIGNEUX 47.6253821222 4.60399533048
487 JOURSENVAUX 47.0387310414 4.59082588585
488 JUILLENAY 47.3613728511 4.27210840782
489 LABERGEMENTFOIGNEY 47.2578064369 5.24786490582
490 LACANCHE 47.0750677068 4.55599388043
491 LANTHES 46.9990158896 5.20408699445
492 LERY 47.5563340151 4.84629917449
493 LICEYSURVINGEANNE 47.4868270493 5.37313028131
494 LONGEAULT 47.2217035106 5.25044095624
495 LONGVIC 47.285832398 5.05278368483
496 LUSIGNYSUROUCHE 47.0825921168 4.68300097663
497 MAGNIEN 47.1094556345 4.43331214138
498 MAGNYLAMBERT 47.6788317802 4.58658221612
499 MAGNYLESAUBIGNY 47.1123094522 5.16861149822
500 MAGNYMONTARLOT 47.2486656169 5.34673748926
501 LESMAILLYS 47.1456968654 5.32935525121
502 MALIGNY 47.0845064806 4.50527523907
503 MARCILLYSURTILLE 47.5125107909 5.12883412558
504 MAREYSURTILLE 47.5943124661 5.08179187571
505 MARSANNAYLEBOIS 47.4402798544 5.09615121255
506 LEMEIX 47.594167838 4.94307607169
507 MENESBLE 47.778606574 4.90206528914
508 MESMONT 47.3122266518 4.74410039616
509 MESSIGNYETVANTOUX 47.4189090037 5.00144598531
510 MOLINOT 47.0112430427 4.57969818527
511 MOLPHEY 47.33634862 4.20666118075
512 MONTCEAUETECHARNANT 47.0609045646 4.6666655237
513 MONTIGNYSURARMANCON 47.4400198641 4.37366154755
514 MONTLIOTETCOURCELLES 47.8949444484 4.56001662806
515 MONTOT 47.1525081033 5.24351442373
516 MONTSTJEAN 47.2858528062 4.4113796914
517 NANSOUSTHIL 47.3809368143 4.35907058516
518 NESLEETMASSOULT 47.7780284045 4.42668944062
519 NOGENTLESMONTBARD 47.6042846627 4.36951243241
520 NUITSSTGEORGES 47.146518392 4.9385500417
521 PAGNYLAVILLE 47.0574519111 5.16871339995
522 PERRIGNYSURLOGNON 47.3052827359 5.4638499105
523 PICHANGES 47.4561192838 5.15835923398
524 PLOMBIERESLESDIJON 47.3386201573 4.95005416615
525 PLUVAULT 47.2083724566 5.24622576767
526 PLUVET 47.1981396931 5.2636859618
527 PONTAILLERSURSAONE 47.3015930017 5.41228237116
528 POUILLYSURVINGEANNE 47.5403544137 5.45162179953
529 PREMEAUXPRISSEY 47.1049527311 4.9428568446
530 PUITS 47.7269454549 4.46741190187
531 QUEMIGNYSURSEINE 47.65567229 4.6594167963
532 QUETIGNY 47.3195635398 5.11575310181
533 ROCHEFORTSURBREVON 47.7409734699 4.70623994168
534 LAROCHEVANNEAU 47.4708864303 4.52859660017
535 ROUGEMONT 47.670003344 4.25730473718
536 STAUBIN 46.9504940966 4.71144303201
537 STBERNARD 47.1597856871 5.02381955265
538 STDIDIER 47.3168067442 4.17339058953
539 STGERMAINDEMODEON 47.3721000365 4.12417498472
540 STGERMAINLEROCHEUX 47.7561639307 4.66343630237
541 STGERMAINLESSENAILLY 47.5980519223 4.28133138948
542 STNICOLASLESCITEAUX 47.1291027258 5.08467105168
543 STESABINE 47.1875125214 4.62169164492
544 SANTOSSE 47.0068228015 4.63439106262
545 SAUSSEY 47.0636406891 4.60953530207
546 SAVIGNYLESEC 47.434029559 5.04178102646
547 SEMAREY 47.2681629756 4.62645384177
548 SENAILLY 47.5827263059 4.26729697814
549 SOIRANS 47.2105383431 5.29909358295
550 TOUILLON 47.6589160745 4.43658043241
551 TROUHAUT 47.3907339814 4.76320070709
552 VANVEY 47.8418840697 4.72616973539
553 VELARSSUROUCHE 47.3186399344 4.90983945871
554 VENAREYLESLAUMES 47.5377240472 4.43966492373
555 VERONNES 47.5355759344 5.23841425575
556 VICDESPRES 47.1093098641 4.63600568257
557 VILLAINESENDUESMOIS 47.6870774985 4.51967425037
558 VILLARGOIX 47.29233714 4.29085327301
559 VILLARSFONTAINE 47.1500426655 4.90096219055
560 VILLEYSURTILLE 47.5679614823 5.1093341205
561 VOLNAY 46.9995837009 4.78217107692
562 VOSNEROMANEE 47.1598072854 4.95546198904
563 AGEY 47.2873713877 4.76268467218
564 ALISESTEREINE 47.5355145985 4.48820121343
565 ANTIGNYLAVILLE 47.1012813081 4.55975234629
566 ATHIE 47.5619563649 4.25784537484
567 AUBAINE 47.129772588 4.7343345695
568 AUBIGNYENPLAINE 47.1277492064 5.16492120772
569 AUBIGNYLESSOMBERNON 47.3007242662 4.64273787867
570 BAGNOT 47.0500499735 5.07330457799
571 BARBIREYSUROUCHE 47.2520386403 4.74025320877
572 BARDLEREGULIER 47.1461439865 4.3014564581
573 BEAULIEU 47.7261392413 4.73343312021
574 BEIRELECHATEL 47.4180183198 5.21317142788
575 BELLENODSURSEINE 47.6951717753 4.64536877264
576 BILLEY 47.1423914967 5.41973357014
577 BILLYLESCHANCEAUX 47.5530033313 4.73431352528
578 BLAISYHAUT 47.361227533 4.7672740237
579 BLIGNYLESEC 47.4483490502 4.74031700396
580 BOUIX 47.8995552729 4.4682965536
581 BOUSSENOIS 47.6263032872 5.20576055486
582 BOUSSEY 47.361027083 4.54086129653
583 BOUZELESBEAUNE 47.0543679441 4.77184750805
584 BRAUX 47.4108469631 4.41872277915
585 BROIN 47.0864209474 5.10439169166
586 BURELESTEMPLIERS 47.7321717407 4.91091716802
587 CENSEREY 47.1975226763 4.33557297312
588 CHAMBAIN 47.7950502005 4.91900088796
589 CHAMESSON 47.7827583784 4.54118131867
590 CHAMPDOISEAU 47.5549844256 4.34798073365
591 CHAMPIGNOLLES 47.0511019463 4.56775348817
592 CHAMPRENAULT 47.4004814438 4.68028370836
593 CHATEAUNEUF 47.2193918621 4.65146586699
594 CHATILLONSURSEINE 47.8582160336 4.59192199701
595 CHEUGE 47.3898873125 5.38120926401
596 CHEVANNES 47.1587967474 4.83357896263
597 COMMARIN 47.2495525979 4.65314181407
598 CORCELLESLESMONTS 47.3040555868 4.94246444675
599 CRIMOLOIS 47.2702959266 5.12442359823
600 CURTILVERGY 47.1707777407 4.89403990669
601 CUSSYLACOLONNE 47.0424415882 4.6482234956
602 DAIX 47.3605540938 4.96901845433
603 ESBARRES 47.0910694543 5.19824663928
604 ETAIS 47.7014131668 4.44028509951
605 ETALANTE 47.629388545 4.76665603938
606 ETEVAUX 47.3235446456 5.32194001465
607 FIXIN 47.2483860424 4.96654178119
608 FLAGEYECHEZEAUX 47.1594712834 4.98251892542
609 FOISSY 47.1251182221 4.55154801206
610 FRAIGNOTETVESVROTTE 47.6494704786 4.9384456562
611 FRENOIS 47.5214332358 4.8907289987
612 FROLOIS 47.5293434145 4.6477491814
613 GEVREYCHAMBERTIN 47.2200822946 4.98301612333
614 GEVROLLES 47.9895635621 4.7506884064
615 GISSEYSOUSFLAVIGNY 47.5177863232 4.58559367649
616 GOMMEVILLE 47.9569435042 4.48444403788
617 GURGYLECHATEAU 47.8288662718 4.92751897409
618 HAUTEVILLELESDIJON 47.3757754757 4.98131727526
619 IZIER 47.2813484064 5.19627066906
620 JEUXLESBARD 47.5318872622 4.25532260801
621 JOUEY 47.1581126666 4.4375513171
622 LACOURDARCENAY 47.3599600361 4.23532067428
623 LAMARCHESURSAONE 47.272628371 5.3700531105
624 LAMARGELLE 47.5203693141 4.83729025625
625 LANTILLY 47.5421056928 4.37838223017
626 LARREY 47.897345637 4.42446756868
627 LEUGLAY 47.8137240712 4.81901866828
628 MACONGE 47.2256941351 4.57793028997
629 MAGNYLAVILLE 47.479838166 4.42998686533
630 MAGNYLESVILLERS 47.0941869069 4.87453394791
631 MAGNYSTMEDARD 47.3813252899 5.24751740638
632 MAGNYSURTILLE 47.2739632759 5.17279163884
633 MARCENAY 47.8611145117 4.40461993622
634 MARCILLYOGNY 47.2485958076 4.40242796827
635 MARIGNYLESREULLEE 47.0078863586 4.95818948974
636 MARLIENS 47.2164536426 5.17800484677
637 MARSANNAYLACOTE 47.2790059419 4.98450898516
638 MESSANGES 47.1618456396 4.86963425286
639 MEURSANGES 46.9815545496 4.94294705881
640 MILLERY 47.5135595984 4.31750870868
641 MOLOY 47.5393714062 4.92171403878
642 MOREYSTDENIS 47.1999076803 4.96207733314
643 MOUTIERSSTJEAN 47.5623920251 4.2256453588
644 MUSSYLAFOSSE 47.5214378007 4.44456513
645 NOLAY 46.958968613 4.61935844911
646 ORAIN 47.6102265012 5.43501562658
647 PASQUES 47.3774354507 4.85215697056
648 PONCEYLESATHEE 47.2359787197 5.38473838617
649 POUILLENAY 47.5031151334 4.46065492588
650 POUILLYSURSAONE 47.0111994809 5.12146704894
651 PRECYSOUSTHIL 47.4014711109 4.3167537134
652 RENEVE 47.4109093151 5.40765013154
653 RIELLESEAUX 47.9883595832 4.6810588617
654 ROUVRAY 47.4174670252 4.11150660638
655 RUFFEYLESECHIREY 47.3676972071 5.08462624452
656 SACQUENAY 47.5842099756 5.32132637871
657 STANDEUX 47.3957430173 4.0930702878
658 STANTHOT 47.3208885867 4.64348045859
659 STBROINGLESMOINES 47.7009540963 4.84214518878
660 STECOLOMBESURSEINE 47.8608080678 4.52802612244
661 STHELIER 47.389027921 4.68824509954
662 STEMARIELABLANCHE 46.9740829451 4.89156932927
663 STMAURICESURVINGEANNE 47.5793795925 5.39828562769
664 STPIERREENVAUX 47.0569877471 4.52938380841
665 STREMY 47.6514487621 4.30074825954
666 STROMAIN 47.0125065355 4.70264461223
667 STSEINEENBACHE 47.1160354094 5.37724582306
668 STSYMPHORIENSURSAONE 47.0909529728 5.31775457592
669 STTHIBAULT 47.3777085565 4.46624986198
670 SAMEREY 47.0897010705 5.36611406242
671 SAULIEU 47.2840306915 4.23192469784
672 SAULONLACHAPELLE 47.2106852941 5.09385756752
673 SAUSSY 47.4624808325 4.98146339505
674 SAVIGNYLESBEAUNE 47.0806321437 4.80342918013
675 SAVILLY 47.1223537467 4.27774791948
676 SELONGEY 47.5949698633 5.19951068819
677 LADOIXSERRIGNY 47.0628547875 4.91151199048
678 SOISSONSSURNACEY 47.2498583278 5.46166675348
679 SOUHEY 47.4876530398 4.421356507
680 SUSSEY 47.2149293227 4.37242208694
681 TERNANT 47.2001341536 4.83291859588
682 THOREYENPLAINE 47.2150904574 5.13836316838
683 THOSTE 47.4356430005 4.22726106818
684 TILLENAY 47.1889382841 5.3514431505
685 TRECLUN 47.192371052 5.28848866288
686 TROUHANS 47.1528128162 5.27088407904
687 UNCEYLEFRANC 47.3434622037 4.57522013121
688 VANDENESSEENAUXOIS 47.2234387567 4.62083828495
689 VARANGES 47.2348268799 5.19088383489
690 VAUCHIGNON 46.9815406669 4.65368563098
691 VAUXSAULES 47.4746631132 4.82267310049
692 VEILLY 47.1271334446 4.59658929547
693 VERNOISLESVESVRES 47.652604247 5.15024471811
694 VERNOT 47.491246958 4.96330752528
695 VERREYSOUSSALMAISE 47.4384612168 4.67446130828
696 VEUVEYSUROUCHE 47.182310206 4.71718039392
697 VIANGES 47.1657435342 4.32416073393
698 VIEILMOULIN 47.3142426405 4.67284381693
699 VIEUXCHATEAU 47.4716319276 4.13565741481
700 VIEVIGNE 47.435689036 5.24044596193
701 VILLEBERNY 47.4361931172 4.60070277203
702 VILLEDIEU 47.9076292898 4.38350951271
703 VILLERSLAFAYE 47.1087180571 4.88391750001
704 VILLOTTESUROURCE 47.8665293113 4.6920408128
705 VILLYENAUXOIS 47.4144498577 4.62905226658
706 VOUDENAY 47.0944234603 4.38030260977
